2003463
2003515
2003656
2003657
2003665
2003668
2003700
2003729
2003473
2003475
2003521
2003531
2003542
2003550
2003559
2003561
2003580
2003629
2003640
2003674
2003693
2003699
2003747
2003778
2003780
2003781
2003820
2003849
2003859
2003573
2003670
2003687
2003710
2003745
1003157
1003189
1003272
1003275
1003278
1003280
1003293
1003299
1003306
1003331
1003332
1003335
1003340
1003344
1003361
1003362
1003364
1003376
1003381
1003382
1003396
1003398
1003407
1003412
1003448
1003457
1003462
1003506
1003592
1003611
1003647
1003191
1003208
1003214
1003227
1003228
1003231
1003261
1003264
1003266
1003289
1003292
1003296
1003311
1003321
1003328
1003348
1003395
1003400
1003408
1003415
1003420
1003421
1003423
1003424
1003435
1003437
1003443
1003452
1003453
1003515
1003526
1003536
1003543
1003545
1003564
1003578
1003582
1003584
1003586
1003588
1003614
1003658
1003678
1003680
1003239
1003263
1003337
1003353
1003360
1003446
1003468
1003510
1003560
1003583
1003587
1003600
1003609
1003626
